[print-page-setup]
PPDName=A4
DisplayName=A4
Width=210
Height=297
MarginTop=4.2615615844726555
MarginBottom=4.3179999192555742
MarginLeft=4.2333333333333325
MarginRight=4.2051050821940104
Orientation=landscape
